4294967294,131
4294967294,130
4294967294,129
4294967294,128
4294967294,127
4294967294,126
4294967294,125
4294967294,124
4294967294,123
4294967294,122
4294967294,121
4294967294,120
4294967294,119
4294967294,118
4294967294,117
4294967294,116
4294967294,115
4294967294,114
4294967294,113
4294967294,112
4294967294,111
4294967294,110
4294967294,109
4294967294,108
4294967294,107
4294967294,106
4294967294,105
4294967294,104
4294967294,103
4294967294,102
4294967294,101
4294967294,100
4294967294,99
4294967294,98
4294967294,97
4294967294,96
4294967294,95
4294967294,94
4294967294,93
4294967294,92
4294967294,91
4294967294,90
4294967294,89
4294967294,88
4294967294,87
4294967294,86
4294967294,85
4294967294,84
4294967294,83
4294967294,82
4294967294,81
4294967294,80
4294967294,79
4294967294,78
4294967294,77
4294967294,76
4294967294,75
4294967294,74
4294967294,73
4294967294,72
4294967294,71
4294967294,70
4294967294,69
4294967294,68
4294967294,67
4294967294,66
4294967294,65
4294967294,64
4294967294,63
4294967294,62
4294967294,61
4294967294,60
4294967294,59
4294967294,58
4294967294,57
4294967294,56
4294967294,55
4294967294,54
4294967294,53
4294967294,52
4294967294,51
4294967294,50
4294967294,49
4294967294,48
4294967294,47
4294967294,46
4294967294,45
4294967294,44
4294967294,43
4294967294,42
4294967294,41
4294967294,40
4294967294,39
4294967294,38
4294967294,37
4294967294,36
4294967294,35
4294967294,34
4294967294,33
4294967294,32
4294967294,31
4294967294,30
4294967294,29
4294967294,28
4294967294,27
4294967294,26
4294967294,25
4294967294,24
4294967294,23
4294967294,22
4294967294,21
4294967294,20
4294967294,19
4294967294,18
4294967294,17
4294967294,16
4294967294,15
4294967294,14
4294967294,13
4294967294,12
4294967294,11
4294967294,10
4294967294,9
4294967294,8
4294967294,7
4294967294,6
4294967294,5
4294967294,4
4294967294,3
4294967294,2
4294967294,0
1,0
2,0
3,0
98,0
99,0
100,0
101,0
97,0
107,0
110,0
104,0
0,308
0,304
0,303
0,12
0,10
0,8
0,0
0,521
0,441
0,300
0,491
0,440
0,299
0,520
0,489
0,298
0,556
0,488
0,297
0,490
0,439
0,296
0,486
0,438
0,295
0,485
0,437
0,294
0,519
0,487
0,293
0,483
0,436
0,292
0,482
0,435
0,291
0,484
0,434
0,290
0,518
0,432
0,289
0,517
0,431
0,288
0,555
0,433
0,287
0,481
0,429
0,286
0,516
0,428
0,285
0,480
0,430
0,284
0,479
0,426
0,283
0,478
0,425
0,282
0,554
0,427
0,281
0,537
0,423
0,280
0,477
0,422
0,279
0,550
0,424
0,278
0,515
0,476
0,277
0,475
0,421
0,276
0,474
0,420
0,275
0,514
0,419
0,274
0,549
0,418
0,273
0,561
0,417
0,272
0,535
0,416
0,271
0,534
0,473
0,270
0,536
0,415
0,269
0,472
0,414
0,268
0,564
0,413
0,267
0,553
0,412
0,266
0,513
0,471
0,265
0,512
0,470
0,264
0,511
0,411
0,263
0,510
0,410
0,262
0,532
0,409
0,261
0,533
0,407
0,260
0,531
0,469
0,259
0,509
0,406
0,258
0,548
0,405
0,257
0,468
0,404
0,256
0,530
0,403
0,255
0,529
0,467
0,254
0,508
0,465
0,253
0,464
0,402
0,252
0,466
0,401
0,251
0,462
0,400
0,250
0,547
0,461
0,249
0,463
0,399
0,248
0,460
0,398
0,247
0,459
0,397
0,246
0,507
0,395
0,245
0,546
0,394
0,244
0,528
0,396
0,242
0,506
0,392
0,241
0,505
0,391
0,240
0,504
0,393
0,239
3,3
3,2
3,1
2,2
1,2
0,310
0,305
0,243
1,1
0,302
0,307
2,1
1,3
2,3
0,9
0,566
0,390
0,238
0,458
0,389
0,237
0,503
0,361
0,236
0,457
0,360
0,235
0,387
0,359
0,234
0,456
0,388
0,233
0,386
0,358
0,232
0,527
0,357
0,231
0,455
0,356
0,230
0,385
0,355
0,229
0,454
0,384
0,228
0,453
0,383
0,227
0,452
0,354
0,226
0,502
0,353
0,225
0,382
0,352
0,224
0,381
0,351
0,223
0,545
0,380
0,222
0,544
0,350
0,221
0,451
0,349
0,220
0,379
0,348
0,219
0,552
0,347
0,218
0,501
0,378
0,217
0,565
0,377
0,216
0,375
0,346
0,215
0,374
0,345
0,214
0,376
0,344
0,213
0,500
0,343
0,212
0,450
0,342
0,211
0,373
0,341
0,210
0,449
0,339
0,209
0,560
0,338
0,208
0,448
0,340
0,207
0,447
0,337
0,206
0,372
0,335
0,205
0,563
0,334
0,204
0,499
0,336
0,203
0,498
0,333
0,202
0,497
0,332
0,201
0,371
0,331
0,200
0,543
0,370
0,199
0,369
0,330
0,198
0,542
0,329
0,197
0,496
0,328
0,196
0,368
0,327
0,195
0,541
0,367
0,194
0,495
0,366
0,193
0,526
0,326
0,192
0,525
0,325
0,63
0,540
0,324
0,62
0,562
0,323
0,61
0,446
0,365
0,60
0,445
0,321
0,59
0,364
0,320
0,58
0,493
0,319
0,57
0,363
0,318
0,56
0,444
0,362
0,55
0,492
0,443
0,54
0,524
0,317
0,53
0,539
0,316
0,52
0,538
0,315
0,51
0,559
0,314
0,50
0,523
0,313
0,49
0,522
0,312
0,48
0,551
0,311
0,47
0,558
0,309
0,46
0,557
0,306
0,45
0,442
0,301
0,6
0,5
0,1
0,11
0,4
0,2
0,3
0,7
